Length Width NX NY DX DY DX*DX ResidMax ResidAvg ErrorPsiMax ErrorPsiAvg 
 1 1 10 10 0.111111 0.111111 0.0123457 9.60431e-05 9.60431e-05 0 0 
 1 1 20 20 0.0526316 0.0526316 0.00277008 9.94272e-05 9.94272e-05 0 0 
 1 1 30 30 0.0344828 0.0344828 0.00118906 9.98916e-05 9.98916e-05 0 0 
Length Width NX NY DX DY DX*DX ResidMax ResidAvg ErrorPsiMax ErrorPsiAvg 
 1 1 10 10 0.111111 0.111111 0.0123457 9.60431e-05 9.60431e-05 0.315728 0 
 1 1 20 20 0.0526316 0.0526316 0.00277008 9.94272e-05 9.94272e-05 0.20863 0 
 1 1 30 30 0.0344828 0.0344828 0.00118906 9.98916e-05 9.98916e-05 0.158542 0 
Length Width NX NY DX DY DX*DX ResidMax ResidAvg ErrorPsiMax ErrorPsiAvg 
 1 1 10 10 0.111111 0.111111 0.0123457 9.60431e-05 9.60431e-05 0.315728 0.153024 
 1 1 20 20 0.0526316 0.0526316 0.00277008 9.94272e-05 9.94272e-05 0.20863 0.0944665 
 1 1 30 30 0.0344828 0.0344828 0.00118906 9.98916e-05 9.98916e-05 0.158542 0.0682219 
Length Width NX NY DX DY DX*DX ResidMax ResidAvg ErrorPsiMax ErrorPsiAvg 
 1 1 10 10 0.111111 0.111111 0.0123457 9.49764e-09 9.49764e-09 0.31526 0.153019 
 1 1 20 20 0.0526316 0.0526316 0.00277008 9.83021e-09 9.83021e-09 0.207476 0.094414 
 1 1 30 30 0.0344828 0.0344828 0.00118906 9.92996e-09 9.92996e-09 0.156762 0.0677167 
Length Width NX NY DX DY DX*DX ResidMax ResidAvg ErrorPsiMax ErrorPsiAvg 
 1 1 10 10 0.111111 0.111111 0.0123457 9.49764e-09 9.49764e-09 0.31526 0.153019 
 1 1 20 20 0.0526316 0.0526316 0.00277008 9.83021e-09 9.83021e-09 0.207476 0.094414 
 1 1 30 30 0.0344828 0.0344828 0.00118906 9.92996e-09 9.92996e-09 0.156762 0.0677167 
Length Width NX NY DX DY DX*DX ResidMax ResidAvg ErrorPsiMax ErrorPsiAvg 
 1 1 10 10 0.111111 0.111111 0.0123457 9.54153e-13 9.54153e-13 0.31526 0.153019 
 1 1 20 20 0.0526316 0.0526316 0.00277008 9.83946e-13 9.83946e-13 0.207476 0.094414 
 1 1 30 30 0.0344828 0.0344828 0.00118906 9.94278e-13 9.94278e-13 0.156762 0.0677167 
Length Width NX NY DX DY DX*DX ResidMax ResidAvg ErrorPsiMax ErrorPsiAvg 
 1 1 10 10 0.111111 0.111111 0.0123457 9.54153e-13 9.54153e-13 0.31526 0.153019 
 1 1 20 20 0.0526316 0.0526316 0.00277008 9.83946e-13 9.83946e-13 0.207476 0.094414 
 1 1 30 30 0.0344828 0.0344828 0.00118906 9.94278e-13 9.94278e-13 0.156762 0.0677167 
 1 1 40 40 0.025641 0.025641 0.000657462 9.99099e-13 9.99099e-13 0.126061 0.0526499 
 1 1 50 50 0.0204082 0.0204082 0.000416493 9.98587e-13 9.98587e-13 0.105211 0.0430273 
 1 1 60 60 0.0169492 0.0169492 0.000287274 9.99156e-13 9.99156e-13 0.0902451 0.0363639 
 1 1 70 70 0.0144928 0.0144928 0.00021004 9.98547e-13 9.98547e-13 0.0789819 0.0314811 
 1 1 80 80 0.0126582 0.0126582 0.000160231 9.99312e-13 9.99312e-13 0.0702004 0.0277513 
 1 1 90 90 0.011236 0.011236 0.000126247 9.99132e-13 9.99132e-13 0.0631752 0.0248099 
 1 1 100 100 0.010101 0.010101 0.00010203 9.99459e-13 9.99459e-13 0.0574182 0.0224314 
Length Width NX NY DX DY DX*DX ResidMax ResidAvg ErrorPsiMax ErrorPsiAvg 
 1 1 10 10 0.111111 0.111111 0.0123457 9.54126e-13 9.54126e-13 0.31526 0.153019 
 1 1 20 20 0.0526316 0.0526316 0.00277008 9.83956e-13 9.83956e-13 0.207476 0.094414 
 1 1 30 30 0.0344828 0.0344828 0.00118906 9.94274e-13 9.94274e-13 0.156762 0.0677167 
 1 1 40 40 0.025641 0.025641 0.000657462 9.99098e-13 9.99098e-13 0.126061 0.0526499 
 1 1 50 50 0.0204082 0.0204082 0.000416493 9.98586e-13 9.98586e-13 0.105211 0.0430273 
 1 1 60 60 0.0169492 0.0169492 0.000287274 9.99155e-13 9.99155e-13 0.0902451 0.0363639 
 1 1 70 70 0.0144928 0.0144928 0.00021004 9.98548e-13 9.98548e-13 0.0789819 0.0314811 
 1 1 80 80 0.0126582 0.0126582 0.000160231 9.99312e-13 9.99312e-13 0.0702004 0.0277513 
 1 1 90 90 0.011236 0.011236 0.000126247 9.99131e-13 9.99131e-13 0.0631752 0.0248099 
 1 1 100 100 0.010101 0.010101 0.00010203 9.9946e-13 9.9946e-13 0.0574182 0.0224314 
Length Width NX NY DX DY DX*DX ResidMax ResidAvg ErrorPsiMax ErrorPsiAvg 
 1 1 10 10 0.111111 0.111111 0.0123457 9.49764e-09 9.49764e-09 0.31526 0.153019 
 1 1 20 20 0.0526316 0.0526316 0.00277008 9.83021e-09 9.83021e-09 0.207476 0.094414 
 1 1 30 30 0.0344828 0.0344828 0.00118906 9.92996e-09 9.92996e-09 0.156762 0.0677167 
 1 1 40 40 0.025641 0.025641 0.000657462 9.97317e-09 9.97317e-09 0.126061 0.0526499 
 1 1 50 50 0.0204082 0.0204082 0.000416493 9.99501e-09 9.99501e-09 0.105211 0.0430273 
 1 1 60 60 0.0169492 0.0169492 0.000287274 9.98818e-09 9.98818e-09 0.0902454 0.0363639 
 1 1 70 70 0.0144928 0.0144928 0.00021004 9.98991e-09 9.98991e-09 0.0789822 0.0314811 
Length Width NX NY DX DY DX*DX ResidMax ResidAvg ErrorPsiMax ErrorPsiAvg 
 1 1 10 10 0.111111 0.111111 0.0123457 9.49764e-09 9.49764e-09 0.31526 0.153019 
 1 1 20 20 0.0526316 0.0526316 0.00277008 9.83021e-09 9.83021e-09 0.207476 0.094414 
 1 1 30 30 0.0344828 0.0344828 0.00118906 9.92996e-09 9.92996e-09 0.156762 0.0677167 
 1 1 40 40 0.025641 0.025641 0.000657462 9.97317e-09 9.97317e-09 0.126061 0.0526499 
 1 1 50 50 0.0204082 0.0204082 0.000416493 9.99501e-09 9.99501e-09 0.105211 0.0430273 
Length Width NX NY DX DY DX*DX ResidMax ResidAvg ErrorPsiMax ErrorPsiAvg 
 1 1 10 10 0.111111 0.111111 0.0123457 9.49764e-09 9.49764e-09 0.31526 0.153019 
Length Width NX NY DX DY DX*DX ResidMax ResidAvg ErrorPsiMax ErrorPsiAvg 
 1 1 10 10 0.111111 0.111111 0.0123457 9.49764e-09 9.49764e-09 0.31526 0.153019 
