 iteration_tolerance  SOR_param  nx  ny  dx*dx  iterations  average error 
 1e-06 0.9 10 10 0.0123457 98 0.0209188 
 1e-06 0.9 20 20 0.00277008 375 0.00411901 
 1e-06 0.9 30 30 0.00118906 786 0.00170161 
 1e-06 0.9 40 40 0.000657462 1312 0.000926051 
 1e-06 0.9 50 50 0.000416493 1935 0.000590945 
 1e-06 0.9 60 60 0.000287274 2646 0.000427625 
 1e-06 0.9 70 70 0.00021004 3435 0.000354956 
 1e-06 0.9 80 80 0.000160231 4294 0.000343144 
 1e-06 0.9 90 90 0.000126247 5216 0.00037904 
 1e-06 0.9 100 100 0.00010203 6196 0.00045179 
