129 1.00000 1.00000 1.00000 1.00000 1.00000 1.00000 1.00000 1.00000
126 0.97660 0.84123 0.75837 0.65928 0.53236 0.48223 0.47244 0.47221 
125 0.9688 0.7887 1 0.68439 0.57492 0.48296 0.46120 0.47048 0.47783
124 0.9609 0.73722 0.61756 0.51117 0.46547 0.45992 0.47323 0.48070
123 0.953 1 0.68717 0.55892 0.46604 0.46101 0.46036 0.47167 0.47804
110 0.8516 0.23151 0.29093 0.33304 0.34682 0.33556 0.34228 0.34635
095 0.7344 0.00332 0.16256 0.18719 0.19791 0.20087 0.2059 I 0.20673
080 0.6172 AI13641 0.02135 0.05702 0.07156 0.08 183 0.08342 0.08344
065
059
037
023
014
010
009
008
001

