0.5 64263
0.51 62615
0.52 61031
0.53 59506
0.54 58037
0.55 56622
0.56 55257
0.57 53939
0.58 52667
0.59 51438
0.6 50249
0.61 49100
0.62 47987
0.63 46909
0.64 45865
0.65 44853
0.66 43871
0.67 42918
0.68 41993
0.69 41095
0.7 40222
0.71 39374
0.72 38549
0.73 37747
0.74 36966
0.75 36205
0.76 35465
0.77 34743
0.78 34040
0.79 33355
0.8 32686
0.81 32034
0.82 31397
0.83 30776
0.84 30169
0.85 29577
0.86 28998
0.87 28432
0.88 27879
0.89 27338
0.9 26809
0.91 26291
0.92 25785
0.93 25289
0.94 24804
0.95 24329
0.96 23863
0.97 23407
0.98 22960
0.99 22522
1 22092
1.01 21671
1.02 21258
1.03 20853
1.04 20455
1.05 20065
1.06 19682
1.07 19306
1.08 18936
1.09 18574
1.1 18218
1.11 17868
1.12 17524
1.13 17186
1.14 16854
1.15 16527
1.16 16206
1.17 15890
1.18 15579
1.19 15274
1.2 14973
1.21 14677
1.22 14386
1.23 14099
1.24 13817
1.25 13539
1.26 13266
1.27 12996
1.28 12731
1.29 12469
1.3 12211
1.31 11957
1.32 11707
1.33 11460
1.34 11217
1.35 10977
1.36 10741
1.37 10507
1.38 10277
1.39 10050
1.4 9826
1.41 9606
1.42 9387
1.43 9172
1.44 8960
1.45 8750
1.46 8543
1.47 8339
1.48 8137
1.49 7937
1.5 7740
1.51 7546
1.52 7353
1.53 7163
1.54 6976
1.55 6790
1.56 6606
1.57 6425
1.58 6246
1.59 6068
1.6 5893
1.61 5719
1.62 5547
1.63 5377
1.64 5209
1.65 5043
1.66 4878
1.67 4715
1.68 4553
1.69 4393
1.7 4235
1.71 4078
1.72 3922
1.73 3768
1.74 3615
1.75 3464
1.76 3313
1.77 3164
1.78 3016
1.79 2869
1.8 2723
1.81 2579
1.82 2434
1.83 2291
1.84 2148
1.85 2006
1.86 1865
1.87 1723
1.88 1581
1.89 1439
1.9 1297
1.91 1152
1.92 1004
1.93 851
1.94 685
1.95 513
1.96 519
1.97 769
1.98 1026
1.99 2051
