0.5 17794
0.51 17337
0.52 16898
0.53 16475
0.54 16067
0.55 15674
0.56 15296
0.57 14930
0.58 14577
0.59 14236
0.6 13907
0.61 13588
0.62 13279
0.63 12980
0.64 12690
0.65 12409
0.66 12137
0.67 11873
0.68 11616
0.69 11367
0.7 11125
0.71 10890
0.72 10661
0.73 10438
0.74 10222
0.75 10011
0.76 9806
0.77 9605
0.78 9410
0.79 9220
0.8 9035
0.81 8854
0.82 8678
0.83 8505
0.84 8337
0.85 8173
0.86 8012
0.87 7855
0.88 7702
0.89 7552
0.9 7405
0.91 7262
0.92 7121
0.93 6984
0.94 6849
0.95 6717
0.96 6588
0.97 6462
0.98 6338
0.99 6216
1 6097
1.01 5981
1.02 5866
1.03 5754
1.04 5644
1.05 5535
1.06 5429
1.07 5325
1.08 5223
1.09 5122
1.1 5024
1.11 4927
1.12 4831
1.13 4738
1.14 4646
1.15 4555
1.16 4466
1.17 4379
1.18 4292
1.19 4208
1.2 4124
1.21 4042
1.22 3962
1.23 3882
1.24 3804
1.25 3727
1.26 3651
1.27 3577
1.28 3503
1.29 3431
1.3 3359
1.31 3289
1.32 3219
1.33 3151
1.34 3084
1.35 3017
1.36 2952
1.37 2887
1.38 2823
1.39 2760
1.4 2698
1.41 2637
1.42 2577
1.43 2517
1.44 2458
1.45 2400
1.46 2343
1.47 2286
1.48 2230
1.49 2175
1.5 2120
1.51 2066
1.52 2013
1.53 1960
1.54 1908
1.55 1857
1.56 1806
1.57 1755
1.58 1705
1.59 1656
1.6 1607
1.61 1559
1.62 1511
1.63 1464
1.64 1417
1.65 1371
1.66 1325
1.67 1280
1.68 1235
1.69 1190
1.7 1146
1.71 1102
1.72 1058
1.73 1015
1.74 972
1.75 929
1.76 887
1.77 845
1.78 803
1.79 761
1.8 719
1.81 677
1.82 636
1.83 594
1.84 552
1.85 509
1.86 466
1.87 422
1.88 375
1.89 325
1.9 263
1.91 258
1.92 262
1.93 290
1.94 366
1.95 403
1.96 515
1.97 660
1.98 1004
1.99 1962
