omega iterations
0.5 4883
0.51 4757
0.52 4636
0.53 4520
0.54 4408
0.55 4300
0.56 4196
0.57 4096
0.58 3999
0.59 3905
0.6 3814
0.61 3726
0.62 3642
0.63 3559
0.64 3480
0.65 3403
0.66 3328
0.67 3255
0.68 3185
0.69 3116
0.7 3050
0.71 2985
0.72 2922
0.73 2861
0.74 2801
0.75 2743
0.76 2687
0.77 2632
0.78 2578
0.79 2526
0.8 2475
0.81 2425
0.82 2377
0.83 2329
0.84 2283
0.85 2238
0.86 2194
0.87 2151
0.88 2108
0.89 2067
0.9 2027
0.91 1987
0.92 1949
0.93 1911
0.94 1874
0.95 1838
0.96 1802
0.97 1767
0.98 1733
0.99 1700
1 1667
1.01 1635
1.02 1603
1.03 1573
1.04 1542
1.05 1513
1.06 1483
1.07 1455
1.08 1427
1.09 1399
1.1 1372
1.11 1345
1.12 1319
1.13 1293
1.14 1268
1.15 1243
1.16 1218
1.17 1194
1.18 1171
1.19 1147
1.2 1124
1.21 1102
1.22 1079
1.23 1058
1.24 1036
1.25 1015
1.26 994
1.27 973
1.28 953
1.29 933
1.3 913
1.31 894
1.32 875
1.33 856
1.34 837
1.35 819
1.36 801
1.37 783
1.38 765
1.39 748
1.4 731
1.41 714
1.42 697
1.43 681
1.44 664
1.45 648
1.46 632
1.47 616
1.48 601
1.49 585
1.5 570
1.51 555
1.52 540
1.53 526
1.54 511
1.55 497
1.56 482
1.57 468
1.58 454
1.59 440
1.6 427
1.61 413
1.62 400
1.63 386
1.64 373
1.65 360
1.66 346
1.67 333
1.68 320
1.69 307
1.7 294
1.71 281
1.72 268
1.73 255
1.74 242
1.75 229
1.76 215
1.77 202
1.78 187
1.79 172
1.8 156
1.81 137
1.82 129
1.83 130
1.84 131
1.85 136
1.86 143
1.87 164
1.88 169
1.89 195
1.9 199
1.91 228
1.92 259
1.93 293
1.94 326
1.95 393
1.96 494
1.97 652
1.98 977
1.99 1983
33
0.5 17794
0.51 17337
0.52 16898
0.53 16475
0.54 16067
0.55 15674
0.56 15296
0.57 14930
0.58 14577
0.59 14236
0.6 13907
0.61 13588
0.62 13279
0.63 12980
0.64 12690
0.65 12409
0.66 12137
0.67 11873
0.68 11616
0.69 11367
0.7 11125
0.71 10890
0.72 10661
0.73 10438
0.74 10222
0.75 10011
0.76 9806
0.77 9605
0.78 9410
0.79 9220
0.8 9035
0.81 8854
0.82 8678
0.83 8505
0.84 8337
0.85 8173
0.86 8012
0.87 7855
0.88 7702
0.89 7552
0.9 7405
0.91 7262
0.92 7121
0.93 6984
0.94 6849
0.95 6717
0.96 6588
0.97 6462
0.98 6338
0.99 6216
1 6097
1.01 5981
1.02 5866
1.03 5754
1.04 5644
1.05 5535
1.06 5429
1.07 5325
1.08 5223
1.09 5122
1.1 5024
1.11 4927
1.12 4831
1.13 4738
1.14 4646
1.15 4555
1.16 4466
1.17 4379
1.18 4292
1.19 4208
1.2 4124
1.21 4042
1.22 3962
1.23 3882
1.24 3804
1.25 3727
1.26 3651
1.27 3577
1.28 3503
1.29 3431
1.3 3359
1.31 3289
1.32 3219
1.33 3151
1.34 3084
1.35 3017
1.36 2952
1.37 2887
1.38 2823
1.39 2760
1.4 2698
1.41 2637
1.42 2577
1.43 2517
1.44 2458
1.45 2400
1.46 2343
1.47 2286
1.48 2230
1.49 2175
1.5 2120
1.51 2066
1.52 2013
1.53 1960
1.54 1908
1.55 1857
1.56 1806
1.57 1755
1.58 1705
1.59 1656
1.6 1607
1.61 1559
1.62 1511
1.63 1464
1.64 1417
1.65 1371
1.66 1325
1.67 1280
1.68 1235
1.69 1190
1.7 1146
1.71 1102
1.72 1058
1.73 1015
1.74 972
1.75 929
1.76 887
1.77 845
1.78 803
1.79 761
1.8 719
1.81 677
1.82 636
1.83 594
1.84 552
1.85 509
1.86 466
1.87 422
1.88 375
1.89 325
1.9 263
1.91 258
1.92 262
1.93 290
1.94 366
1.95 403
1.96 515
1.97 660
1.98 1004
1.99 1962
65
0.5 64263
0.51 62615
0.52 61031
0.53 59506
0.54 58037
0.55 56622
0.56 55257
0.57 53939
0.58 52667
0.59 51438
0.6 50249
0.61 49100
0.62 47987
0.63 46909
0.64 45865
0.65 44853
0.66 43871
0.67 42918
0.68 41993
0.69 41095
0.7 40222
0.71 39374
0.72 38549
0.73 37747
0.74 36966
0.75 36205
0.76 35465
0.77 34743
0.78 34040
0.79 33355
0.8 32686
0.81 32034
0.82 31397
0.83 30776
0.84 30169
0.85 29577
0.86 28998
0.87 28432
0.88 27879
0.89 27338
0.9 26809
0.91 26291
0.92 25785
0.93 25289
0.94 24804
0.95 24329
0.96 23863
0.97 23407
0.98 22960
0.99 22522
1 22092
1.01 21671
1.02 21258
1.03 20853
1.04 20455
1.05 20065
1.06 19682
1.07 19306
1.08 18936
1.09 18574
1.1 18218
1.11 17868
1.12 17524
1.13 17186
1.14 16854
1.15 16527
1.16 16206
1.17 15890
1.18 15579
1.19 15274
1.2 14973
1.21 14677
1.22 14386
1.23 14099
1.24 13817
1.25 13539
1.26 13266
1.27 12996
1.28 12731
1.29 12469
1.3 12211
1.31 11957
1.32 11707
1.33 11460
1.34 11217
1.35 10977
1.36 10741
1.37 10507
1.38 10277
1.39 10050
1.4 9826
1.41 9606
1.42 9387
1.43 9172
1.44 8960
1.45 8750
1.46 8543
1.47 8339
1.48 8137
1.49 7937
1.5 7740
1.51 7546
1.52 7353
1.53 7163
1.54 6976
1.55 6790
1.56 6606
1.57 6425
1.58 6246
1.59 6068
1.6 5893
1.61 5719
1.62 5547
1.63 5377
1.64 5209
1.65 5043
1.66 4878
1.67 4715
1.68 4553
1.69 4393
1.7 4235
1.71 4078
1.72 3922
1.73 3768
1.74 3615
1.75 3464
1.76 3313
1.77 3164
1.78 3016
1.79 2869
1.8 2723
1.81 2579
1.82 2434
1.83 2291
1.84 2148
1.85 2006
1.86 1865
1.87 1723
1.88 1581
1.89 1439
1.9 1297
1.91 1152
1.92 1004
1.93 851
1.94 685
1.95 513
1.96 519
1.97 769
1.98 1026
1.99 2051
129
